01097
01413
07135
14339
16332
16391
16410
21621
22078
22253
24233
27143
27175
27581
28002
35147
38367
39414
39562
42082
49065
49274
50007
50014
50313
50320
56138
61231
70475
72116
72304
73111
77149
79054
79098
79199
79219
79261
79318
79328
80175
80594
81301
86021
86188
87173
87196
90073
91222
01251
02026
02147
02325
02394
02437
02669
02771
02825
04014
04015
04098
04100
04114
04168
04223
08051
08068
08091
12173
14029
14081
14109
14115
14151
14152
14164
14186
14201
14255
14279
14296
14351
14356
14423
14440
14441
14444
14470
14485
14507
14513
14517
14518
14525
14544
14548
14551
14577
14584
14597
14608
14612
14666
14695
14702
14718
14763
15047
16043
16159
16247
16262
16278
16299
17103
17392
19183
19282
01097
01413
07135
14339
16332
16391
16410
21621
22078
22253
24233
27143
27175
27581
28002
35147
38367
39414
39562
42082
49065
49274
50007
50014
50313
50320
56138
61231
70475
72116
72304
73111
77149
79054
79098
79199
79219
79261
79318
79328
80175
80594
86021
86188
87173
87196
90073
91222
01251
02026
02147
02325
02394
02437
02669
02771
02825
04015
04098
04100
04114
04168
04223
08051
08068
08091
12173
14029
14081
14109
14115
14151
14152
14164
01097
01251
01413
02026
02147
02325
02394
02437
02669
02771
02825
04015
04098
04100
04114
04168
04223
07135
08051
08068
08091
12173
14029
14081
14109
14115
14151
14152
14164
14201
14255
14279
14296
14339
14351
14356
14423
14440
14441
14444
14470
14485
14507
14513
14517
14518
14525
14544
14548
14551
14577
14584
14597
14608
14612
14666
14695
14702
14718
14763
15047
16043
16159
16247
16262
16278
16299
16332
16391
16410
17103
17392
19183
19282
20004
20008
20018
20032
20033
20035
20041
20050
20055
20056
20066
20072
20090
20093
20097
20107
20114
20118
20128
20130
20132
20133
20134
20139
20140
20141
20142
20143
20145
20146
20147
20148
20149
20150
20152
20153
20154
20155
20156
20157
20158
20159
20160
20161
20162
20164
20165
20166
20167
20168
20169
20170
20171
20172
20173
20174
20175
20176
20177
20178
20179
20180
20181
20182
20183
20184
20185
20186
20187
20188
20189
20190
20191
20192
20193
20194
20195
20196
20197
20198
20199
20200
20201
20202
20203
20204
20205
20206
20207
20208
20209
20210
20211
20212
20213
20214
20215
20216
20217
20218
20219
20220
20221
20222
20223
20224
20225
20226
20227
20228
20229
20230
20231
20232
20233
20234
20235
20236
20238
20239
20240
20241
20242
20244
20245
20246
20247
20248
20249
20250
20251
20252
20253
20254
20255
20256
20257
20258
20259
20260
20262
20263
20264
20265
20266
20267
20268
20269
20270
20271
20272
20273
20274
20275
20276
20277
20278
20280
20281
20282
20283
20284
20285
20286
20287
20288
20289
20290
20291
20292
20293
20295
20296
20297
20298
20299
20300
20301
20302
20303
20304
20305
20306
20307
20308
20309
20310
20311
20312
20313
20314
20315
20317
20318
20319
20320
20321
20322
20323
20324
20326
20327
20328
20329
20330
20331
20332
20333
20334
20335
20336
20337
20338
20339
20340
20341
20342
20343
20344
20345
20346
20348
20349
20351
20352
20354
20355
20356
20357
20358
20359
20360
20361
20362
20363
20364
20365
20366
21019
21174
21188
21206
21318
21443
21453
21509
21551
21621
21654
21658
21668
21697
22007
22010
22017
22022
22051
22058
22066
22078
22080
22089
22102
22120
22123
22125
22130
22142
22151
22159
22167
22191
22192
22230
22252
22253
22270
22290
22292
22297
22298
22301
22303
22329
22336
22355
22357
22367
22374
22382
23085
23094
23135
23153
23161
23163
23231
23256
24003
24013
24017
24033
24041
24044
24047
24049
24065
24072
24078
24092
24093
24099
24103
24112
24118
24125
24149
24166
24169
24173
24178
24185
24187
24201
24203
24204
24219
24233
24235
24239
24250
24258
24270
24275
24283
24298
24310
24315
24332
24333
24342
24343
24344
24358
24363
24368
24369
24387
24400
24430
24435
24439
24440
24447
24467
24469
24475
24497
24503
24506
24539
24556
24578
24579
24583
25010
25023
25028
25034
25037
25064
25068
25069
25076
25080
25081
25118
25123
25128
25135
25137
25144
25146
25158
25165
25167
25168
25169
25205
25206
25260
25272
25291
25292
25294
25302
25319
25337
25352
25353
25358
25363
25396
25399
25407
25409
25412
25423
25480
25484
25509
25530
25531
25543
25568
25576
25577
25581
25585
25587
25593
25603
25606
25610
25636
26029
26044
26053
26109
26120
26132
26151
26158
26187
26230
26237
26260
26265
26280
26366
27007
27024
27029
27030
27041
27058
27060
27080
27084
27086
27087
27088
27092
27093
27121
27122
27128
27131
27143
27145
27150
27159
27160
27166
27172
27175
27178
27186
27195
27197
27211
27221
27223
27225
27236
27244
27250
27253
27255
27257
27262
27264
27265
27268
27272
27274
27283
27292
27293
27296
27303
27305
27308
27314
27328
27344
27352
27356
27357
27362
27387
27402
27409
27443
27449
27450
27452
27461
27479
27484
27494
27499
27503
27506
27509
27510
27513
27515
27519
27526
27532
27549
27559
27566
27573
27574
27575
27581
27583
27585
27588
27596
27619
27626
27628
27634
27636
27637
27639
27642
27647
27648
27651
27653
27657
27675
27687
27688
28002
28011
28017
28020
28042
28043
28044
28066
28069
28083
28093
28097
28101
28115
28125
28131
28133
28138
28145
28150
28152
28174
28179
28181
28186
28204
28224
28228
28238
28241
28244
28250
28258
28262
28266
28288
28295
28297
28307
28318
28320
28328
28338
28340
28345
28356
28361
28381
28384
28399
28402
28413
28416
28420
29009
29050
29052
29088
29092
29096
29118
29121
29127
29138
29149
29154
29157
29164
29194
29200
29203
29223
29231
29242
29253
29258
29283
2A237
2A294
2A325
2B044
2B076
2B151
30063
30078
30118
31016
31154
31214
31257
31307
31438
32006
32011
32137
32168
32179
32259
33041
33091
33107
33110
33217
33265
33286
33313
33340
33368
33371
33410
33430
33455
33469
33495
33497
34275
35020
35036
35043
35048
35073
35074
35083
35129
35147
35158
35182
35209
35213
35254
35267
35298
35313
35323
35349
36039
36151
36183
36201
36245
37017
37102
37120
37135
37164
37209
37215
37227
37235
37239
38007
38014
38021
38024
38028
38079
38088
38096
38119
38122
38123
38125
38142
38143
38145
38164
38165
38168
38178
38196
38201
38202
38220
38227
38233
38234
38251
38262
38305
38312
38327
38367
38371
38385
38411
38441
38447
38461
38477
38482
38491
38493
38502
38506
38510
38534
38541
39005
39012
39023
39033
39036
39044
39064
39067
39069
39071
39082
39087
39098
39123
39125
39135
39144
39148
39152
39158
39161
39181
39186
39195
39212
39213
39215
39224
39226
39231
39242
39243
39256
39257
39260
39264
39276
39294
39303
39309
39311
39316
39332
39340
39341
39347
39357
39358
39369
39371
39374
39382
39383
39384
39410
39414
39416
39433
39438
39442
39450
39459
39482
39488
39496
39506
39509
39515
39516
39521
39524
39536
39541
39542
39544
39549
39562
39563
39564
39566
39578
39580
40010
40045
40048
40241
41005
41011
41015
41021
41023
41033
41056
41064
41076
41111
41117
41133
41162
41165
41169
41183
41197
41202
41210
41227
41240
41244
41264
41270
41272
42024
42057
42080
42082
42111
42114
42144
42190
42244
42250
42258
42263
42292
42309
43081
43146
43161
43176
43179
43209
43235
43243
43248
43255
43266
44004
44008
44011
44017
44034
44040
44042
44059
44060
44093
44147
44167
44177
44181
44191
44219
44225
45003
45007
45048
45057
45071
45090
45106
45117
45128
45140
45163
45172
45190
45192
45211
45221
45236
45267
45295
45304
45318
45319
45349
46019
46025
46048
46071
46077
46110
46141
46150
46158
46166
46248
46261
46274
46275
46287
46291
46325
46326
46327
46331
47116
47149
47153
47166
47243
47261
47268
47270
47322
48006
48011
48014
48022
48023
48024
48033
48035
48040
48047
48049
48052
48060
48062
48066
48076
48084
48093
48101
48102
48109
48113
48114
48118
48120
48122
48125
48134
48142
48143
48154
48159
48162
48164
48172
48180
48183
48186
48195
48196
49001
49004
49005
49006
49013
49014
49016
49019
49024
49025
49031
49032
49033
49034
49037
49039
49040
49042
49043
49044
49047
49049
49051
49052
49059
49062
49065
49066
49071
49072
49073
49074
49075
49077
49078
49079
49081
49083
49084
49085
49087
49088
49091
49093
49094
49095
49096
49097
49098
49101
49103
49104
49105
49106
49108
49111
49115
49116
49117
49118
49119
49122
49124
49126
49128
49133
49134
49136
49137
49139
49141
49142
49143
49144
49145
49146
49147
49148
49149
49150
49151
49152
49153
49154
49156
49157
49158
49162
49164
49165
49166
49168
49169
49172
49173
49175
49177
49179
49181
49184
49185
49186
49187
49189
49190
49191
49196
49197
49198
49199
49202
49203
49204
49206
49207
49208
49210
49212
49213
49225
49226
49227
49229
49230
49232
49233
49234
49238
49239
49242
49243
49245
49249
49250
49251
49252
49254
49255
49256
49258
49263
49264
49265
49268
49270
49273
49274
49275
49276
49277
49279
49280
49281
49282
49285
49286
49287
49290
49293
49295
49296
49297
49300
49303
49304
49305
49309
49312
49313
49314
49315
49316
49317
49318
49319
49320
49322
49324
49325
49327
49335
49340
49342
49346
49348
49349
49350
49351
49354
49356
49357
49360
49363
49365
49366
49372
49375
49376
49379
49380
49382
50001
50005
50007
50009
50010
50011
50012
50014
50017
50018
50020
50035
50037
50043
50047
50051
50053
50056
50057
50061
50063
50065
50067
50068
50071
50073
50075
50080
50091
50100
50104
50113
50114
50116
50119
50122
50123
50125
50127
50128
50131
50132
50133
50134
50136
50141
50153
50154
50157
50163
50170
50171
50173
50179
50180
50187
50189
50191
50201
50202
50203
50204
50211
50212
50213
50220
50224
50226
50242
50245
50248
50249
50250
50254
50255
50257
50264
50280
50284
50286
50287
50293
50303
50306
50307
50309
50313
50314
50316
50318
50319
50320
50322
50323
50325
50329
50330
50331
50333
50337
50339
50343
50344
50346
50355
50366
50367
50375
50377
50380
50381
50383
50385
50386
50392
50396
50404
50406
50414
50415
50416
50418
50424
50432
50434
50439
50440
50441
50458
50459
50460
50465
50466
50470
50477
50494
50497
50501
50508
50515
50520
50526
50527
50530
50534
50544
50545
50547
50555
50557
50558
50559
50560
50561
50566
50586
50595
50600
50602
50608
50611
50614
50620
50623
50625
50627
50630
50631
50632
50635
50638
50640
50642
50644
50645
50646
50649
51011
51021
51024
51026
51064
51067
51096
51114
51123
51131
51159
51180
51189
51207
51209
51221
51257
51261
51271
51297
51330
51331
51332
51335
51347
51366
51383
51385
51394
51400
51401
51405
51408
51411
51427
51462
51467
51481
51494
51540
51541
51554
51561
51575
51593
51606
51615
51651
51653
51661
51664
52010
52018
52020
52024
52026
52032
52036
52041
52046
52048
52049
52052
52054
52068
52071
52073
52077
52078
52080
52081
52086
52096
52098
52100
52111
52112
52117
52139
52143
52144
52148
52150
52152
52153
52154
52166
52176
52180
52186
52188
52191
52192
52202
52209
52210
52215
52224
52226
52236
52238
52239
52241
52252
52255
52259
52261
52262
52263
52268
52270
52279
52281
52283
52293
52296
52299
52309
52314
52317
52323
52324
52329
52333
52334
52338
52339
52340
52343
52345
52351
52361
52368
52379
52381
52382
52387
52389
52402
52404
52408
52409
52410
52412
52417
52418
52427
52430
52434
52435
52441
52451
52454
52458
52460
52462
52466
52471
52477
52478
52481
52485
52496
52498
52501
52508
52509
52521
52527
52530
52531
52532
52533
52537
53032
53044
53050
53060
53070
53095
53149
53166
53167
53171
53183
53194
53205
53217
54319
54341
54342
54361
55056
55112
55227
55486
56037
56038
56138
56150
56187
57223
57243
57369
57503
57522
57608
57710
57766
59040
59154
59235
59248
59298
59380
59540
59621
59644
60018
60246
60384
60419
60606
60649
60696
61016
61022
61027
61031
61125
61132
61144
61186
61231
61239
61253
61318
61410
61417
61455
61458
61465
61469
61470
61477
61495
62098
62294
62431
62807
63361
65027
67041
67114
67207
67316
67431
67469
67549
67560
68047
68070
68108
68133
68206
68369
69213
70475
71265
71432
71476
72116
72207
72304
73044
73125
73199
73238
73305
74028
74092
74125
74132
74182
74251
74268
74300
75001
75002
75003
75012
75013
75022
75023
75024
75027
75034
75038
75039
75042
75043
75045
75046
75051
75052
75054
75063
75066
75067
75068
75075
75079
76031
76078
76496
76633
76659
76661
76701
76713
77017
77064
77149
77334
77491
78004
78008
78012
78017
78022
78026
78027
78041
78045
78047
78052
78058
78061
78067
78074
78086
78088
78094
78098
78101
78103
78115
78116
78122
78127
78132
78139
78142
78155
78166
78169
78184
78186
78191
78204
78207
78212
78214
78221
78222
78228
78235
78241
78243
78254
78256
78258
78266
78272
78274
78275
78279
78280
78287
78298
78301
78304
78316
78319
78323
78330
78332
78336
78351
78352
78353
78369
78371
78374
78400
78409
78412
78427
78429
78430
78432
78433
78435
78436
78445
78447
78448
78452
78456
78461
78467
78468
78479
78483
78485
78487
78489
78493
78494
78500
78509
78511
78512
78515
78523
78529
78539
78541
78543
78552
78560
78578
78579
78581
78596
78599
78603
78604
78611
78612
78617
78626
78633
78639
78641
78649
78651
78657
78669
78673
78675
78684
78691
79017
79054
79067
79098
79113
79182
79199
79219
79234
79245
79261
79262
79318
79327
79328
79333
80175
80471
80581
80594
80660
80689
80745
80818
81091
85044
85122
86021
86146
86188
86215
86216
87173
87196
88396
88422
89103
89157
89213
89243
89275
89330
90038
90073
91143
91221
91222
97351
97354
97355
97359
